0 0.58203125 0.78828125 0.18515625 0.09609375
0 0.7203125 0.96796875 0.1328125 0.059375
0 0.72265625 0.67421875 0.2390625 0.06015625
0 0.7921875 0.6125 0.1734375 0.06640625
0 0.6390625 0.62421875 0.09140625 0.03203125
0 0.484375 0.56171875 0.19765625 0.05703125
0 0.446875 0.60859375 0.165625 0.04453125
0 0.2765625 0.5078125 0.128125 0.05
0 0.62265625 0.51484375 0.2234375 0.03203125
0 0.73828125 0.471875 0.08046875 0.03203125
0 0.7265625 0.41484375 0.0765625 0.0265625
0 0.553125 0.43984375 0.0984375 0.02890625
0 0.671875 0.39296875 0.09375 0.0265625
0 0.5890625 0.34765625 0.065625 0.0234375
0 0.39296875 0.37578125 0.07421875 0.01875
0 0.42265625 0.4765625 0.20625 0.040625
0 0.6609375 0.2875 0.0578125 0.0203125